((("Updated" .
   [1 0 0 0 0 0 0])
  ("format" .
   [1 0 0 0 0 0])
  ("date" .
   [2 0 0 0])
  ("published_at" .
   [1 0 0 0 0 0 0 0 0 0 0 0])
  ("image" .
   [2 0 0 0 0])
  ("if" .
   [6 0])
  ("url" .
   [2 0 0])
  ("href" .
   [1 0 0 0])
  ("u-url" .
   [1 0 0 0 0])
  ("Published" .
   [2 0 0 0 0 0 0 0 0])
  ("span" .
   [3 0 0 0])
  ("author" .
   [2 0 0 0 0 0])
  ("--" .
   [6 0])
  ("div" .
   [2 0 0])
  ("slug" .
   [1 0 0 0])
  ("post--" .
   [1 0 0 0 0 0])
  ("post" .
   [1 0 0 0])
  ("h-entry" .
   [1 0 0 0 0 0 0])
  ("post_class" .
   [1 0 0 0 0 0 0 0 0 0])
  ("p" .
   [1])
  ("class" .
   [5 0 0 0 0])
  ("article" .
   [1 0 0 0 0 0 0])
  ("npm" .
   [1 0 0])))
